w68qi42j.jpg,54,67,43,70,64,14,95,13
6329osiv.jpg,74,42,65,38,13,31,98,47
eaq0oquk.jpg,86,38,36,15,68,43,49,86
hqcbamyn.jpg,94,81,12,86,76,64,42,12
iv0gz22d.jpg,65,28,85,23,45,97,100,3
zzrb362v.jpg,35,2,47,77,63,0,81,84
xqvv2h6n.jpg,53,87,61,92,73,48,73,77
b8ltk010.jpg,7,15,6,47,98,51,36,47
4xuuwosp.jpg,49,28,65,42,86,5,1,1
1rw638tc.jpg,39,79,33,59,49,46,40,17
w1mhlkqe.jpg,71,32,47,5,47,16,72,4
ye8ixc0q.jpg,93,92,67,72,15,20,58,19
hrxgqb6h.jpg,42,47,39,45,86,42,35,34
zpiu6n1c.jpg,70,15,55,30,55,42,28,49
4e7t929y.jpg,25,87,43,2,67,96,49,87
eo897ttp.jpg,12,83,45,60,4,57,44,72
1mzce005.jpg,23,56,52,86,36,64,97,23
2rbz0ym3.jpg,14,11,33,21,50,17,49,87
dkmstkm3.jpg,22,20,48,38,58,31,93,46
albqalme.jpg,99,38,2,65,89,33,4,49
tt5t15iy.jpg,62,28,72,9,7,58,100,40
mbcazxlf.jpg,87,70,38,11,58,36,44,73
l8l0rujo.jpg,66,37,18,66,78,44,42,2
pnkzohc6.jpg,24,16,32,51,60,25,87,53
p31zuo8p.jpg,98,90,21,80,63,29,70,66
3hbta57j.jpg,57,93,67,36,93,83,12,87
1w48y829.jpg,76,23,42,74,60,92,55,63
d77b38bb.jpg,1,70,83,72,48,71,30,68
2zbvonlm.jpg,77,23,25,44,43,100,83,1
m1s3whrq.jpg,8,49,47,6,8,44,44,88
dptpwxlb.jpg,65,55,1,60,73,95,64,75
ztvaph9t.jpg,24,83,4,99,9,85,45,63
bt7h8m68.jpg,10,81,67,2,39,91,51,66
m76sojjc.jpg,36,74,14,8,19,83,27,54
ijmpt2kn.jpg,96,84,88,4,54,56,14,85
hedjs624.jpg,43,83,11,65,44,80,9,13
omvdycwv.jpg,93,78,96,18,70,10,79,93
0ztcxqkl.jpg,2,36,95,95,23,44,7,94
4m4mwfwq.jpg,0,14,39,26,32,31,40,67
rfy6qs9i.jpg,5,26,22,9,15,9,61,35
03ca8eep.jpg,51,32,48,94,53,28,84,13
74a9wzwk.jpg,30,34,0,38,69,36,8,32
y5nju506.jpg,78,79,47,37,68,1,67,25
rb3og8k3.jpg,75,20,64,66,26,7,25,28
hv1mgkgc.jpg,35,37,38,97,91,64,28,93
qsuagsha.jpg,64,10,22,84,22,81,25,56
0gymkjgl.jpg,2,40,38,68,53,98,56,85
wpyw045z.jpg,28,91,12,100,66,62,46,42
jpudj4st.jpg,78,19,27,33,63,63,2,75
tegkssn8.jpg,59,20,6,11,92,82,1,10
p7ev7jkv.jpg,17,71,79,50,33,49,56,0
zke27h8c.jpg,0,19,86,19,24,63,21,2
whq97356.jpg,59,18,57,77,72,23,95,96
ayh8nnw0.jpg,91,55,62,11,41,95,2,70
chwssvw9.jpg,65,45,63,95,57,42,50,7
bkdubf02.jpg,95,87,32,18,24,92,3,27
kdzrspsg.jpg,79,8,93,14,45,66,74,5
c55np1c9.jpg,17,93,92,54,56,98,45,51
nqyt53gk.jpg,52,80,27,41,36,72,12,33
g5lfbpfy.jpg,92,50,35,45,93,27,98,40
1adobj4n.jpg,7,33,79,94,80,86,19,88
jit0qh6l.jpg,14,30,1,12,32,47,21,14
t8m2fo59.jpg,24,26,18,26,83,28,8,75
pjsljxvp.jpg,68,44,39,1,36,44,67,95
gt33h6xn.jpg,12,98,54,65,75,35,64,11
uy8mw4dg.jpg,64,59,74,15,71,59,1,25
fxg1kt94.jpg,99,2,51,62,1,82,60,48
epptspsx.jpg,64,3,84,2,95,68,23,100
0q5n3cwk.jpg,47,43,65,71,91,28,64,0
3rhkfyy7.jpg,6,25,82,97,96,5,61,37
d3dujirt.jpg,45,13,17,85,57,67,75,15
z0zvkwav.jpg,93,83,26,73,31,80,54,81
h2kg2fbz.jpg,94,48,44,92,49,0,21,96
3rrjs5y8.jpg,9,35,47,85,47,42,83,83
uemywrxw.jpg,34,24,54,40,94,73,75,55
ayukc5m3.jpg,73,49,91,50,83,17,54,40
9eo7zpnr.jpg,37,21,68,87,5,98,6,72
rsrvxqgr.jpg,26,81,58,96,34,1,50,100
hbqan6pa.jpg,53,67,16,61,0,22,32,43
fqknzsrp.jpg,20,17,18,49,28,51,84,13
5qdpcb7s.jpg,94,41,73,60,71,83,40,44
ertud64e.jpg,50,62,73,91,28,12,10,58
irz0m47g.jpg,94,53,37,96,94,16,35,44
haf3p8an.jpg,87,43,32,72,89,72,98,60
5ufb0gq9.jpg,38,29,27,63,79,57,85,29
vga3jde1.jpg,22,7,11,18,62,75,13,15
r79q4td7.jpg,97,83,98,65,65,15,1,96
7tx70pzp.jpg,22,2,3,51,82,20,45,17
rkygmw92.jpg,18,90,64,69,42,33,0,51
n2r6ca17.jpg,86,12,26,34,12,99,65,74
nbbuhot7.jpg,41,75,99,18,37,4,43,39
rup9lk5v.jpg,66,42,87,67,40,58,82,20
9fyh10pk.jpg,25,93,16,51,66,4,80,98
ea57tgov.jpg,97,49,43,19,62,76,58,11
37uv3sqj.jpg,67,6,44,30,46,11,58,72
wr33wzzk.jpg,36,6,9,93,20,44,55,29
es242fns.jpg,67,24,66,89,67,71,74,11
1tabr46a.jpg,2,61,91,8,0,64,32,70
i8cs11km.jpg,20,60,19,37,13,13,94,2
54q3y9xm.jpg,62,32,11,49,4,91,40,72